EmpID,GenderID,Salary,EmploymentStatus,DaysLateLast30,EmpSatisfaction,EngagementSurvey,time_spent,time_last_perf,dist_to_comp,Department
10026,1,62506,1,0,5,4.6,3779,1026,39.68,1
10084,1,104437,0,0,3,4.96,444,2084,35.7,2
10196,0,64955,0,0,3,3.02,447,3464,24.25,1
10088,0,64991,1,0,5,4.84,5054,1040,0.0,1
10069,0,50825,0,0,4,5.0,1884,2107,52.2,1
10002,0,57568,1,0,5,5.0,3591,1036,26.4,1
10194,0,95660,1,0,3,3.04,2555,1041,40.79,4
10062,1,59365,1,0,4,5.0,2961,987,39.54,1
10114,0,47837,1,0,3,4.46,4508,1018,42.83,1
10250,1,50178,1,0,5,5.0,2499,994,0.0,2
10252,0,54670,0,0,4,4.2,2194,2109,42.83,1
10242,1,47211,0,0,3,4.2,1631,2012,48.5,1
10012,1,92328,1,0,4,4.28,2555,987,2817.37,2
10265,1,58709,1,0,4,4.6,3549,998,24.25,1
10066,1,52505,0,0,5,5.0,1655,1712,112.09,1
10061,1,57834,0,0,4,5.0,2356,1678,80.98,1
10023,0,70131,1,0,3,4.4,1936,1029,35.83,1
10055,0,59026,1,0,5,5.0,3871,1029,46.29,1
10245,0,110000,0,0,4,4.5,432,2489,44.35,2
10277,1,53250,1,0,4,4.2,3045,1032,28.07,1
10046,1,51044,1,0,3,5.0,3507,1029,58.1,1
10226,0,64919,1,0,3,4.2,3003,1033,53.6,1
10003,0,62910,1,0,3,5.0,2681,985,,1
10294,0,66441,1,2,3,2.0,3871,985,48.04,1
10267,0,57815,0,0,5,4.8,1180,2806,41.71,1
10199,1,103613,0,0,5,3.5,732,2129,135.18,2
10081,0,106367,1,0,4,5.0,2457,994,33.53,5
10175,1,74312,0,0,3,3.39,311,2818,42.76,1
10177,0,53492,0,0,4,3.35,439,3171,31.79,1
10238,0,63000,1,0,2,4.5,4760,1028,10.11,5
10184,1,65288,1,0,3,3.19,2597,1011,107.58,1
10203,0,64375,1,0,5,3.5,2919,1022,60.43,1
10188,0,74326,0,1,5,3.14,1083,3193,611.15,3
10107,0,63763,1,0,4,4.51,3535,991,35.7,1
10181,1,62162,1,0,5,3.25,3871,1029,28.43,1
10150,1,77692,1,0,3,3.84,3738,1022,55.55,4
10001,1,72640,1,0,3,5.0,2111,990,52.2,1
10085,0,93396,1,0,4,4.96,2919,1013,41.27,4
10115,1,52846,1,0,3,4.43,2779,1011,31.79,1
10082,0,100031,1,0,5,5.0,1957,994,0.0,2
10040,0,71860,1,0,5,5.0,2639,1022,201.64,3
10067,0,61656,1,0,4,5.0,2597,1000,69.11,1
10108,1,110929,1,0,5,4.5,1889,1028,57.17,2
10210,0,54237,1,0,4,3.3,2737,993,49.57,1
10154,1,60380,1,0,5,3.8,3045,1029,29.12,1
10200,1,66808,1,0,5,3.0,3465,1024,2823.54,3
10240,0,64786,0,0,4,4.3,1602,2435,18.36,1
10168,0,64816,1,0,5,3.58,3689,1013,59.24,1
10220,1,68678,1,0,3,4.7,3351,985,49.57,2
10275,0,64066,0,0,5,4.2,602,3476,27.52,1
10269,1,59369,0,0,4,4.2,392,3841,52.2,1
10029,1,50373,1,0,4,4.1,1951,984,36.13,1
10261,1,63108,1,0,5,4.4,3045,1029,28.07,1
10292,1,59144,0,5,3,2.0,1901,2017,31.89,1
10282,1,68051,1,3,2,4.13,4129,1029,21.44,1
10019,1,170500,1,0,5,3.7,4690,1008,40.96,1
10094,0,63381,1,0,5,4.73,2499,998,59.47,1
10193,1,83552,1,0,3,3.04,2415,1021,24.25,2
10132,0,56149,1,0,5,4.12,1951,1015,15.89,1
10083,1,92329,1,0,3,5.0,2555,1041,96.98,2
10099,0,65729,1,0,4,4.62,2744,1019,234.66,3
10212,0,85028,1,0,5,3.1,2555,1000,135.18,2
10056,0,57583,1,0,3,5.0,3416,987,40.79,1
10143,1,56294,1,0,4,3.96,3654,985,33.23,1
10311,1,56991,1,2,4,4.3,1218,1012,34.75,1
10070,1,55722,0,0,4,5.0,1850,2046,24.25,1
10155,0,101199,1,0,5,3.79,3591,1018,34.02,4
10306,1,61568,1,6,3,1.93,2597,1013,1735.57,3
10100,0,58275,0,0,5,4.62,1675,2378,60.43,1
10310,1,53189,1,4,2,1.12,2681,1012,69.52,1
10197,1,96820,1,0,5,3.01,1727,1020,57.17,2
10276,1,51259,1,0,4,4.3,2737,993,30.32,1
10304,0,59231,1,2,1,2.3,3549,1014,3944.14,3
10284,0,61584,1,0,4,3.88,3227,1025,65.74,1
10207,0,46335,1,0,5,3.4,3507,993,43.97,1
10133,0,70621,1,0,4,4.11,2499,987,40.55,2
10028,1,138888,1,0,5,4.3,2864,1039,0.0,2
10006,0,74241,1,0,5,4.77,3955,1016,4141.8,3
10105,0,75188,1,0,4,4.52,2608,1028,19.52,1
10211,0,62514,1,0,3,2.9,4214,1022,23.8,1
10064,0,60070,0,0,3,5.0,2255,1674,60.43,1
10247,1,48888,1,0,5,4.7,2555,999,44.35,1
10235,1,54285,1,0,3,4.2,2779,1032,57.17,1
10299,0,56847,1,2,1,3.0,2681,987,40.2,1
10280,1,60340,0,5,4,5.0,2369,1306,38.68,1
10296,0,59124,0,5,3,2.3,1469,1758,33.23,1
10290,0,99280,0,4,5,2.1,765,3377,23.8,4
10263,0,71776,1,0,5,4.4,2681,990,6.94,1
10136,0,65902,1,0,4,4.0,2821,1036,77.9,1
10189,0,57748,0,0,3,3.13,1653,2104,34.02,1
10308,1,64057,1,6,5,1.56,2373,1040,41.27,1
10309,1,53366,1,3,3,1.2,2415,1008,34.75,2
10049,0,58530,1,0,5,5.0,3591,1014,33.04,1
10093,1,72609,0,0,5,4.76,770,3139,35.74,1
10163,0,55965,0,0,3,3.66,646,3593,49.57,1
10305,1,70187,0,4,5,2.0,1420,1015,95.34,3
10015,1,178000,1,0,5,5.0,3860,1036,6.46,2
10080,0,99351,1,0,3,5.0,4690,1004,80.98,5
10258,1,67251,1,2,3,4.3,3716,1016,150.51,3
10273,0,65707,1,0,4,4.7,4209,1011,126.76,2
10111,1,52249,1,0,3,4.5,2415,994,40.44,1
10257,0,53171,1,0,4,4.2,3829,986,43.97,1
10159,0,51337,1,0,3,3.73,2415,1027,35.83,1
10122,0,51505,0,0,4,4.24,1835,2019,95.34,1
10142,0,59370,0,0,4,3.97,425,2854,951.43,3
10283,1,54933,0,3,4,3.97,1179,2484,48.5,1
10018,0,57815,1,0,4,3.9,2597,1005,26.3,1
10255,0,61555,1,0,5,4.5,2457,1018,1268.71,3
10246,0,114800,0,0,4,4.6,27,2484,43.29,2
10228,1,74679,1,0,5,4.3,2415,1033,35.28,2
10243,0,53018,1,0,5,4.3,2919,994,26.3,1
10031,1,59892,1,0,4,4.5,3773,994,39.71,1
10300,1,68898,0,3,3,3.0,399,3900,42.02,1
10101,0,61242,1,0,4,4.61,2499,1015,32.3,2
10237,0,66825,1,0,3,4.6,2737,1005,0.0,1
10051,1,48285,1,0,3,5.0,3416,1029,52.2,1
10218,0,66149,1,0,5,4.4,2961,991,6.94,1
10256,0,49256,1,0,5,4.1,3003,997,28.28,1
10098,1,62957,1,0,3,4.63,2351,1039,27.52,1
10059,0,63813,0,0,5,5.0,1055,3080,34.02,1
10234,1,99020,1,0,5,4.2,1663,1015,36.13,2
10109,1,71707,0,0,5,4.5,968,3202,1487.45,3
10125,0,54828,1,0,4,4.2,3633,990,43.29,1
10074,1,64246,1,0,3,5.0,2919,1035,33.04,1
10097,0,52177,0,0,4,4.64,1436,2382,77.9,1
10007,0,62065,1,0,4,4.76,2737,997,0.0,1
10129,1,46998,1,0,4,4.17,3374,1001,37.35,1
10075,0,68099,0,0,3,5.0,890,3204,53.17,1
10167,1,70545,1,0,5,3.6,2639,1013,15.77,3
10195,0,63478,0,0,5,3.03,236,3535,38.33,1
10112,0,97999,1,0,5,4.48,2415,1040,27.78,2
10272,0,180000,1,0,4,4.5,2744,1022,83.19,3
10182,0,49920,0,0,3,3.24,58,2399,49.57,5
10248,0,55425,1,0,4,4.8,3549,1036,34.02,1
10201,0,69340,1,0,5,3.0,1981,1025,53.17,1
10214,0,64995,1,0,3,4.5,2348,998,65.74,1
10160,0,68182,0,0,3,3.72,770,3202,15.39,1
10289,1,83082,0,3,2,2.34,581,3497,42.02,1
10139,0,51908,1,0,3,3.99,3003,1029,18.36,1
10227,0,61242,1,0,3,4.1,3290,1026,51.46,1
10236,0,45069,1,0,5,4.3,2961,990,27.27,1
10009,0,60724,1,0,4,4.6,3779,987,15.89,1
10060,0,60436,1,0,5,5.0,2863,1022,40.42,1
10034,1,46837,0,0,4,4.7,2365,1363,38.33,1
10156,0,105700,1,0,3,3.75,2499,1001,65.27,2
10036,0,63322,1,0,3,4.3,2681,1032,42.02,1
10138,0,61154,0,0,4,4.0,1908,2105,37.53,1
10244,0,68999,0,0,5,4.5,899,3145,422.76,3
10192,1,50482,1,0,4,3.07,2961,1020,22.15,1
10231,1,65310,1,0,5,4.3,3003,1021,2888.35,3
10089,0,250000,1,0,3,4.83,3416,1026,42.83,6
10166,0,54005,0,0,5,3.6,1347,2444,49.57,1
10170,0,45433,0,0,4,3.49,836,3204,43.29,1
10208,1,46654,1,0,3,3.1,2821,1006,37.0,1
10176,1,63973,1,0,3,3.38,3955,1022,25.86,1
10165,1,71339,1,0,5,3.65,3899,1026,292.77,3
10113,1,93206,1,0,5,4.46,2555,1036,52.2,2
10092,1,82758,0,0,4,4.78,1797,2458,28.43,1
10106,0,66074,0,0,3,4.52,448,2818,45.42,1
10052,1,46120,1,0,5,5.0,3409,1008,65.45,1
10038,1,64520,1,0,4,5.0,2863,1026,6.46,5
10249,1,61962,0,0,3,4.9,378,3183,44.89,1
10232,0,81584,1,0,5,4.1,1863,1035,0.0,2
10087,0,63676,0,0,3,4.88,2519,1590,24.25,1
10134,1,93046,1,0,4,4.1,2134,1015,6.46,5
10251,1,64738,1,0,3,4.1,3465,990,22.56,1
10103,1,70468,1,0,3,4.53,3479,1014,3333.18,3
10017,0,77915,1,0,3,4.1,2961,1022,40.79,1
10186,0,52624,0,0,4,3.18,2640,1347,0.0,1
10137,1,63450,1,0,3,4.0,3045,994,39.61,1
10008,0,51777,1,0,4,4.64,3944,1018,137.11,2
10096,0,67237,0,0,4,4.65,1165,1977,43.97,1
10035,0,73330,1,0,4,4.2,3003,1000,77.9,1
10057,0,52057,1,0,3,5.0,2457,1020,43.97,1
10004,0,47434,0,0,4,5.0,1468,2471,26.4,1
10191,1,52788,0,0,4,3.08,1828,1682,49.45,1
10219,0,45395,1,0,4,4.6,2863,986,59.47,1
10077,0,62385,1,0,3,5.0,2007,1022,77.9,1
10073,0,68407,0,0,4,5.0,411,3416,34.02,1
10279,0,61349,1,0,3,4.1,2919,1021,26.3,1
10110,0,105688,1,0,5,4.5,2919,1029,35.28,4
10053,0,54132,1,0,4,5.0,3814,1033,95.34,1
10076,0,55315,1,0,5,5.0,2415,1005,37.35,1
10145,0,62810,1,0,3,3.93,3227,1013,55.55,1
10202,1,63291,1,0,4,3.4,1951,1014,,3
10128,0,62659,0,0,4,4.18,1684,2103,33.92,1
10068,0,55688,1,0,4,5.0,2415,1022,89.74,1
10116,1,83667,1,0,3,4.37,3371,1029,57.17,1
10298,1,55800,0,6,2,3.0,1116,3220,32.3,1
10213,1,58207,1,0,3,3.7,3654,1035,10.11,1
10288,1,157000,1,4,3,2.39,3554,990,36.13,2
10025,0,72460,1,0,3,4.7,3101,1029,44.89,1
10223,1,72106,1,0,4,4.1,3591,1012,43.29,1
10151,0,52599,1,0,3,3.81,2457,1001,65.45,2
10254,0,63430,1,0,4,4.4,3143,1026,29.93,1
10120,1,74417,1,0,5,4.29,3101,1015,6.46,1
10216,1,57575,1,0,4,4.1,3045,1021,75.02,1
10079,1,87921,1,0,3,5.0,1732,987,52.94,2
10215,1,50470,0,0,3,4.3,921,3173,40.79,1
10185,1,46664,0,0,3,3.18,1150,2073,23.71,1
10063,1,48495,1,0,5,5.0,2737,994,45.06,1
10037,0,52984,1,0,3,4.0,3143,999,24.25,1
10042,0,63695,1,0,5,5.0,3045,1018,1523.81,3
10206,0,62061,1,0,5,3.6,3045,1041,41.27,1
10104,0,66738,1,0,5,4.53,2555,1027,106.37,1
10303,0,52674,0,6,2,2.33,1492,1340,44.38,1
10078,0,71966,0,0,3,5.0,462,3051,37.49,1
10121,0,63051,1,0,3,4.28,2961,1018,2039.86,3
10021,1,47414,1,0,3,5.0,2961,1005,30.13,1
10281,1,53060,1,4,3,4.25,2821,1008,33.92,1
10041,1,68829,1,0,5,5.0,2499,1029,1090.67,3
10148,0,63515,0,0,4,3.89,1070,3171,65.74,1
10005,1,108987,0,0,5,5.0,1400,2276,26.4,4
10259,1,93093,0,0,4,4.7,517,2123,112.09,2
10286,1,53564,0,4,5,3.54,2544,1677,33.23,1
10297,0,60270,0,5,5,2.4,1533,2467,32.3,1
10171,0,45998,0,0,4,3.45,1623,2736,34.02,1
10032,0,57954,0,0,5,4.2,630,3224,0.0,1
10130,0,74669,0,0,5,4.16,2032,2440,40.96,1
10217,0,74226,1,0,3,4.3,3507,1029,80.98,1
10016,0,93554,1,0,5,4.6,2555,1039,0.0,2
10050,1,64724,0,0,3,5.0,514,3549,26.3,1
10164,1,47001,1,0,3,3.66,5117,987,26.3,1
10124,0,61844,1,0,5,4.2,3591,1011,1293.69,3
10187,0,46799,0,0,4,3.17,2576,1316,15.39,1
10225,1,59472,1,0,3,4.8,2863,1036,40.42,1
10262,0,46430,0,0,5,4.5,267,3142,29.7,1
10131,1,83363,0,0,4,4.15,1636,2760,57.17,4
10239,0,95920,1,0,4,4.4,1863,1006,40.79,2
10152,1,61729,0,0,5,3.8,2385,1373,30.13,1
10140,1,61809,1,0,3,3.98,2737,1015,3591.28,3
10058,1,45115,0,0,4,5.0,1705,2415,34.02,1
10011,0,46738,1,0,5,4.36,3633,1001,48.04,1
10230,0,64971,0,0,4,4.5,26,3670,42.83,1
10224,1,55578,0,0,5,4.2,218,3594,34.75,1
10047,1,50428,0,0,3,5.0,1842,2494,29.73,1
10285,0,61422,0,4,3,3.6,1954,2043,6.46,1
10020,1,63353,1,0,5,3.6,3045,1001,17.55,1
10162,0,89883,1,0,5,3.69,2457,998,0.0,2
10149,0,120000,0,0,3,3.88,1405,1364,73.93,2
10086,0,150290,1,0,3,4.94,1766,1006,52.94,2
10054,0,60627,1,0,4,5.0,2863,1012,0.0,1
10065,1,53180,0,0,5,5.0,2688,1225,33.04,1
10198,1,140920,1,0,5,3.6,3214,994,33.54,2
10222,1,148999,0,0,4,4.3,1395,2500,46.29,2
10126,0,86214,1,0,3,4.2,3290,999,41.27,4
10295,0,47750,1,5,4,2.6,1953,994,25.86,1
10260,1,46428,0,0,5,4.6,3493,1372,35.7,1
10233,1,57975,1,0,3,4.1,4088,1033,48.5,1
10229,1,88527,0,0,3,4.2,299,2394,28.07,2
10169,0,56147,1,0,3,3.51,2597,994,,1
10071,0,50923,1,0,5,5.0,2961,1006,55.44,1
10179,0,50750,1,0,3,3.31,2596,1036,21.04,2
10091,0,52087,1,0,4,4.81,3003,997,37.35,1
10178,1,87826,1,0,3,3.32,2499,1029,40.79,2
10039,0,51920,1,0,3,5.0,2383,1028,95.34,5
10095,0,63878,0,0,4,4.68,1990,2412,10.11,1
10027,1,60656,1,0,3,4.3,2597,1015,57.17,1
10291,1,72992,1,2,4,2.4,2731,1027,0.0,3
10153,0,55000,0,0,4,3.8,730,3007,26.4,5
10157,0,58939,1,0,3,3.73,2919,1019,40.67,1
10119,0,66593,1,0,3,4.3,3804,1004,99.83,2
10180,1,87565,1,0,4,3.27,1957,1029,40.67,2
10302,0,64021,1,6,2,2.4,3549,987,58.93,1
10090,0,65714,1,0,5,4.83,3324,998,26.3,1
10030,0,62425,0,0,4,4.1,777,2443,78.29,1
10278,0,47961,1,0,4,4.1,3955,1005,80.98,1
10307,1,58273,1,3,2,1.81,2737,1026,3793.3,3
10147,1,63003,1,0,5,3.9,2597,1025,73.93,5
10266,1,61355,1,0,3,4.7,2821,1032,65.27,1
10241,0,60120,1,0,4,4.1,4060,1012,2955.21,3
10158,0,63682,1,0,4,3.73,4687,1019,22.56,1
10117,1,63025,1,0,5,4.36,2499,1019,112.09,1
10209,0,59238,1,0,5,3.4,3465,1012,86.5,1
10024,1,92989,1,0,5,4.5,2681,994,33.05,4
10173,1,90100,1,0,3,3.4,1663,1041,36.13,2
10221,0,60754,0,0,5,4.5,1435,3554,25.86,1
10146,0,72202,0,0,3,3.93,2245,1665,38.68,1
10161,0,58370,1,0,3,3.69,2597,1015,3959.37,3
10141,0,48413,0,0,4,3.98,1889,2077,70.74,1
10268,1,67176,0,0,4,4.1,1162,4135,32.3,1
10123,0,56339,1,0,5,4.21,3185,1029,58.93,1
10013,1,64397,1,0,3,4.1,5782,1039,2432.93,3
10287,0,63025,1,4,5,2.44,2821,1001,53.17,1
10044,1,75281,0,0,3,5.0,403,2399,29.73,2
10102,1,100416,0,0,3,4.6,1882,1730,26.3,4
10270,0,74813,0,0,3,4.4,1269,2864,27.27,1
10045,1,76029,1,0,4,5.0,2415,1029,60.43,2
10205,0,57859,1,0,3,2.81,3779,1026,3660.34,3
10014,1,58523,0,0,5,4.5,1271,2107,48.04,1
10144,1,88976,1,0,3,3.93,3752,985,52.2,1
10253,1,55875,1,0,4,4.5,3535,1025,132.92,3
10118,1,113999,0,0,3,4.33,737,1727,39.68,2
10022,0,49773,0,0,5,4.3,1596,2472,112.09,1
10183,0,62068,1,0,3,3.21,2318,1014,44.58,1
10190,1,66541,1,0,5,3.11,2639,1000,35.08,1
10274,0,80512,0,0,3,4.5,98,3598,30.13,1
10293,0,50274,0,6,3,2.5,1114,2621,22.15,1
10172,1,84903,1,0,4,3.42,1727,1039,22.15,2
10127,0,107226,1,0,4,4.2,2415,1007,29.93,2
10072,1,58371,0,0,5,5.0,1221,2734,40.96,1
10048,1,55140,0,0,3,5.0,1575,2458,77.9,1
10204,0,58062,0,0,5,3.6,490,3928,17.85,1
10264,0,59728,0,0,4,4.3,1265,2716,40.42,1
10033,1,70507,0,0,3,5.0,1140,2120,57.17,1
10174,0,60446,1,0,4,3.4,2597,991,66.48,1
10135,1,65893,1,0,4,4.07,2681,984,24.25,1
10301,0,48513,0,5,2,3.2,2583,2259,33.23,1
10010,0,220450,1,0,5,4.6,4230,991,57.31,2
10043,0,89292,1,0,3,5.0,2415,1011,35.7,2
10271,0,45046,1,0,5,4.5,2597,1013,17.55,1
